01 02 05 08 09 10 11 13 16 17 18 20 22 23 24
01 02 03 04 06 08 09 10 11 16 17 20 21 23 25
01 02 07 08 09 11 13 14 16 19 20 22 23 24 25
01 02 04 06 07 08 09 10 11 14 15 17 18 19 24
01 02 03 05 07 08 09 11 13 14 15 19 20 24 25
04 06 07 08 11 14 15 16 17 18 19 20 22 23 24
01 02 03 05 08 09 11 12 13 14 18 19 20 22 25
01 02 03 05 07 08 09 13 14 15 16 18 20 24 25
01 03 05 07 08 12 13 14 16 17 18 20 23 24 25
01 02 03 10 11 13 14 15 16 18 19 21 22 23 25
01 04 05 08 09 11 13 14 15 16 17 18 19 22 24
01 02 07 10 12 13 14 16 18 19 20 21 22 23 25
01 03 04 06 09 10 11 12 13 14 17 19 21 23 25
02 04 05 07 08 09 10 13 18 20 21 22 23 24 25
01 02 03 04 05 06 08 10 11 12 14 16 17 22 24
02 04 05 07 08 09 10 11 13 14 16 18 20 23 25
01 02 04 09 11 12 13 14 17 18 19 20 21 23 24
01 02 04 06 09 10 12 13 14 15 19 21 23 24 25
01 02 06 07 09 11 13 15 16 17 19 20 21 22 25
01 02 05 07 08 10 12 13 16 17 18 19 20 22 24
01 02 04 06 07 08 11 12 13 14 17 19 21 24 25
01 03 06 09 11 13 14 15 17 19 21 22 23 24 25
03 04 05 09 10 11 12 13 14 16 17 19 21 24 25
01 02 04 06 07 09 10 13 14 15 16 18 21 24 25
01 03 04 05 07 08 10 11 14 15 16 18 19 23 24
01 05 06 07 11 14 15 16 17 19 20 21 22 23 25
01 02 03 05 07 08 09 11 12 15 17 18 19 20 25
02 03 04 06 08 11 14 15 16 17 19 20 22 23 25
01 03 04 05 08 09 11 13 15 19 20 21 22 24 25
01 04 05 06 07 08 09 11 15 16 17 18 19 20 21
03 05 06 07 08 09 10 11 12 15 17 18 21 23 25
01 02 07 09 10 12 13 14 15 18 21 22 23 24 25
01 03 04 05 08 11 12 13 15 16 19 22 23 24 25
01 02 04 05 06 07 10 13 14 15 17 19 21 22 23
02 09 10 11 13 14 15 16 17 19 20 21 22 23 24
01 02 03 06 10 11 12 13 15 16 19 20 21 22 23
01 03 04 06 07 10 12 14 17 18 20 22 23 24 25
02 03 04 06 07 10 11 12 13 14 15 16 20 22 24
03 04 05 06 08 09 11 14 16 19 20 21 22 23 24
02 03 06 07 08 09 10 11 13 14 15 16 17 22 23
02 04 07 08 10 11 12 15 16 17 18 20 22 24 25
02 03 04 05 06 08 09 12 15 17 18 19 22 24 25
01 04 05 06 07 14 15 16 17 19 20 21 22 23 25
01 03 06 09 10 11 12 13 14 15 19 20 22 24 25
01 02 03 04 05 06 11 12 13 14 18 20 21 22 25
02 03 07 10 11 14 15 16 17 18 20 21 22 23 25
02 03 04 06 07 08 09 11 12 14 17 18 21 24 25
01 02 03 05 06 07 08 10 13 14 15 17 19 22 25
01 04 05 06 07 09 11 13 14 16 17 18 19 20 24
01 02 03 04 05 06 08 09 13 15 16 17 20 21 25
02 03 04 05 06 09 10 11 12 14 17 19 20 22 24
01 02 04 05 06 07 10 12 13 16 18 19 20 21 24
02 03 05 09 10 11 13 14 15 18 19 21 22 23 25
01 06 07 08 10 11 12 13 14 15 16 18 23 24 25
01 05 08 09 10 11 12 16 18 19 21 22 23 24 25
04 05 06 08 09 10 11 14 15 17 18 19 21 22 24
03 04 05 07 08 09 12 13 17 19 20 21 23 24 25
01 03 04 05 07 09 10 11 12 14 15 19 20 21 23
02 03 04 05 06 07 08 13 16 18 20 21 22 23 24
01 02 03 05 06 08 09 10 11 12 13 15 19 24 25
03 04 05 07 08 10 11 14 15 18 19 20 22 24 25
02 03 04 05 08 11 12 14 15 16 18 21 22 24 25
01 02 03 06 07 09 10 13 14 15 17 20 22 24 25
01 03 04 06 07 10 11 15 17 18 19 20 21 22 24
05 06 07 09 10 12 13 15 17 20 21 22 23 24 25
01 02 05 06 08 10 11 13 15 17 18 19 20 21 22
01 02 03 05 07 08 10 11 13 16 17 20 21 22 25
01 02 06 09 10 12 13 16 17 18 19 20 22 24 25
02 03 07 09 10 11 12 15 16 18 19 20 22 24 25
01 03 05 06 08 09 10 12 13 17 18 19 21 24 25
01 03 04 05 06 07 10 12 14 15 16 17 18 20 23
01 04 07 08 11 12 13 14 15 17 18 19 21 24 25
01 02 04 05 07 09 11 13 14 16 19 20 21 22 24
01 02 03 04 06 08 09 10 11 12 13 14 18 22 24
01 02 03 04 06 11 12 13 14 15 16 20 22 23 25
01 04 05 06 07 08 11 13 14 18 20 21 23 24 25
01 03 04 06 07 09 10 11 13 14 15 17 20 23 24
03 04 05 06 08 14 16 17 18 19 20 21 22 24 25
09 10 11 13 14 15 16 17 18 19 21 22 23 24 25
06 07 08 09 10 11 12 16 17 18 19 21 22 24 25
03 05 06 08 09 11 12 13 14 16 17 21 22 23 24
02 04 05 08 10 11 12 14 15 17 18 20 22 24 25
02 04 05 07 09 10 14 17 18 19 21 22 23 24 25
05 06 07 08 11 12 13 17 18 19 20 21 22 24 25
01 03 07 08 09 10 11 13 15 16 18 20 21 24 25
02 04 05 07 08 09 10 13 14 15 16 19 20 22 24
03 04 05 06 09 10 11 13 14 15 19 20 22 23 24
01 02 03 04 05 07 08 11 14 16 19 20 23 24 25
02 04 06 07 08 10 12 15 16 17 21 22 23 24 25
01 02 03 06 07 08 10 13 14 15 16 18 22 23 25
01 04 05 07 08 09 10 11 13 15 16 18 21 23 25
01 02 03 05 06 09 10 12 14 16 17 18 19 22 25
02 04 05 07 08 10 11 12 14 16 18 19 21 23 24
01 02 06 07 10 11 12 14 16 17 18 20 23 24 25
01 03 04 05 08 10 11 13 15 18 19 20 22 23 24
01 03 04 05 06 09 10 11 12 13 14 16 17 20 23
02 03 05 06 07 08 10 13 15 16 17 19 20 23 24
03 04 05 06 07 09 10 11 13 14 16 20 21 23 25
02 04 06 08 11 13 14 15 16 17 19 20 21 22 24
01 03 06 07 08 09 10 12 13 14 15 18 19 20 24